6.939453125000000000e+01
1.220351562500000000e+02
6.939453125000000000e+01
1.418398437500000000e+02
6.939453125000000000e+01
1.590039062500000000e+02
7.232421875000000000e+01
1.761679687500000000e+02
7.916015625000000000e+01
1.920117187500000000e+02
8.794921875000000000e+01
2.038945312500000000e+02
9.869140625000000000e+01
2.157773437500000000e+02
1.113867187500000000e+02
2.223789062500000000e+02
1.250585937500000000e+02
2.236992187500000000e+02
1.397070312500000000e+02
2.236992187500000000e+02
1.533789062500000000e+02
2.184179687500000000e+02
1.650976562500000000e+02
2.104960937500000000e+02
1.758398437500000000e+02
1.972929687500000000e+02
1.826757812500000000e+02
1.827695312500000000e+02
1.865820312500000000e+02
1.656054687500000000e+02
1.865820312500000000e+02
1.444804687500000000e+02
1.865820312500000000e+02
1.233554687500000000e+02
7.623046875000000000e+01
1.101523437500000000e+02
8.599609375000000000e+01
1.009101562500000000e+02
9.576171875000000000e+01
9.958984375000000000e+01
1.060156250000000000e+02
1.009101562500000000e+02
1.162695312500000000e+02
1.022304687500000000e+02
1.406835937500000000e+02
1.035507812500000000e+02
1.504492187500000000e+02
1.022304687500000000e+02
1.611914062500000000e+02
1.035507812500000000e+02
1.714453125000000000e+02
1.048710937500000000e+02
1.807226562500000000e+02
1.127929687500000000e+02
1.270117187500000000e+02
1.193945312500000000e+02
1.270117187500000000e+02
1.325976562500000000e+02
1.270117187500000000e+02
1.458007812500000000e+02
1.260351562500000000e+02
1.576835937500000000e+02
1.123632812500000000e+02
1.669257812500000000e+02
1.191992187500000000e+02
1.669257812500000000e+02
1.260351562500000000e+02
1.682460937500000000e+02
1.338476562500000000e+02
1.669257812500000000e+02
1.406835937500000000e+02
1.669257812500000000e+02
8.697265625000000000e+01
1.207148437500000000e+02
9.185546875000000000e+01
1.167539062500000000e+02
1.045507812500000000e+02
1.154335937500000000e+02
1.084570312500000000e+02
1.220351562500000000e+02
1.035742187500000000e+02
1.233554687500000000e+02
9.185546875000000000e+01
1.233554687500000000e+02
1.465429687500000000e+02
1.233554687500000000e+02
1.524023437500000000e+02
1.180742187500000000e+02
1.650976562500000000e+02
1.180742187500000000e+02
1.690039062500000000e+02
1.233554687500000000e+02
1.641210937500000000e+02
1.246757812500000000e+02
1.524023437500000000e+02
1.246757812500000000e+02
1.016210937500000000e+02
1.893710937500000000e+02
1.113867187500000000e+02
1.840898437500000000e+02
1.221289062500000000e+02
1.814492187500000000e+02
1.260351562500000000e+02
1.814492187500000000e+02
1.299414062500000000e+02
1.814492187500000000e+02
1.416601562500000000e+02
1.854101562500000000e+02
1.524023437500000000e+02
1.906914062500000000e+02
1.436132812500000000e+02
1.946523437500000000e+02
1.348242187500000000e+02
1.972929687500000000e+02
1.260351562500000000e+02
1.972929687500000000e+02
1.172460937500000000e+02
1.959726562500000000e+02
1.094335937500000000e+02
1.933320312500000000e+02
1.035742187500000000e+02
1.893710937500000000e+02
1.143164062500000000e+02
1.880507812500000000e+02
1.260351562500000000e+02
1.880507812500000000e+02
1.377539062500000000e+02
1.893710937500000000e+02
1.504492187500000000e+02
1.906914062500000000e+02
1.377539062500000000e+02
1.893710937500000000e+02
1.260351562500000000e+02
1.880507812500000000e+02
1.143164062500000000e+02
1.880507812500000000e+02
