6.165234375000000000e+01
1.167695312500000000e+02
6.165234375000000000e+01
1.353554687500000000e+02
6.267578125000000000e+01
1.568007812500000000e+02
6.779296875000000000e+01
1.768164062500000000e+02
7.598046875000000000e+01
1.939726562500000000e+02
8.621484375000000000e+01
2.068398437500000000e+02
9.849609375000000000e+01
2.182773437500000000e+02
1.128242187500000000e+02
2.254257812500000000e+02
1.281757812500000000e+02
2.254257812500000000e+02
1.425039062500000000e+02
2.239960937500000000e+02
1.558085937500000000e+02
2.168476562500000000e+02
1.660429687500000000e+02
2.068398437500000000e+02
1.742304687500000000e+02
1.896835937500000000e+02
1.803710937500000000e+02
1.710976562500000000e+02
1.824179687500000000e+02
1.525117187500000000e+02
1.824179687500000000e+02
1.324960937500000000e+02
1.824179687500000000e+02
1.139101562500000000e+02
7.700390625000000000e+01
1.096210937500000000e+02
8.570312500000000000e+01
1.046171875000000000e+02
9.542578125000000000e+01
1.060468750000000000e+02
1.056601562500000000e+02
1.074765625000000000e+02
1.158945312500000000e+02
1.081914062500000000e+02
1.435273437500000000e+02
1.081914062500000000e+02
1.517148437500000000e+02
1.060468750000000000e+02
1.599023437500000000e+02
1.031875000000000000e+02
1.670664062500000000e+02
1.017578125000000000e+02
1.752539062500000000e+02
1.024726562500000000e+02
1.312460937500000000e+02
1.239179687500000000e+02
1.312460937500000000e+02
1.382148437500000000e+02
1.312460937500000000e+02
1.525117187500000000e+02
1.302226562500000000e+02
1.668085937500000000e+02
1.158945312500000000e+02
1.696679687500000000e+02
1.230585937500000000e+02
1.710976562500000000e+02
1.302226562500000000e+02
1.739570312500000000e+02
1.373867187500000000e+02
1.725273437500000000e+02
1.435273437500000000e+02
1.696679687500000000e+02
8.723828125000000000e+01
1.224882812500000000e+02
9.235546875000000000e+01
1.196289062500000000e+02
1.046367187500000000e+02
1.196289062500000000e+02
1.118007812500000000e+02
1.239179687500000000e+02
1.046367187500000000e+02
1.239179687500000000e+02
9.235546875000000000e+01
1.239179687500000000e+02
1.465976562500000000e+02
1.224882812500000000e+02
1.527382812500000000e+02
1.167695312500000000e+02
1.639960937500000000e+02
1.153398437500000000e+02
1.691132812500000000e+02
1.181992187500000000e+02
1.650195312500000000e+02
1.224882812500000000e+02
1.527382812500000000e+02
1.239179687500000000e+02
1.025898437500000000e+02
1.925429687500000000e+02
1.138476562500000000e+02
1.896835937500000000e+02
1.251054687500000000e+02
1.896835937500000000e+02
1.291992187500000000e+02
1.896835937500000000e+02
1.332929687500000000e+02
1.896835937500000000e+02
1.414804687500000000e+02
1.896835937500000000e+02
1.496679687500000000e+02
1.911132812500000000e+02
1.435273437500000000e+02
1.954023437500000000e+02
1.363632812500000000e+02
1.982617187500000000e+02
1.281757812500000000e+02
1.996914062500000000e+02
1.199882812500000000e+02
1.996914062500000000e+02
1.118007812500000000e+02
1.954023437500000000e+02
1.046367187500000000e+02
1.925429687500000000e+02
1.169179687500000000e+02
1.939726562500000000e+02
1.291992187500000000e+02
1.939726562500000000e+02
1.384101562500000000e+02
1.925429687500000000e+02
1.486445312500000000e+02
1.911132812500000000e+02
1.384101562500000000e+02
1.925429687500000000e+02
1.291992187500000000e+02
1.939726562500000000e+02
1.169179687500000000e+02
1.925429687500000000e+02
