3.799218750000000000e+01
1.084296875000000000e+02
3.910156250000000000e+01
1.323359375000000000e+02
3.910156250000000000e+01
1.522578125000000000e+02
4.353906250000000000e+01
1.721796875000000000e+02
5.574218750000000000e+01
1.894453125000000000e+02
6.905468750000000000e+01
2.000703125000000000e+02
8.569531250000000000e+01
2.093671875000000000e+02
1.034453125000000000e+02
2.146796875000000000e+02
1.223046875000000000e+02
2.146796875000000000e+02
1.333984375000000000e+02
2.106953125000000000e+02
1.411640625000000000e+02
2.000703125000000000e+02
1.478203125000000000e+02
1.881171875000000000e+02
1.544765625000000000e+02
1.761640625000000000e+02
1.611328125000000000e+02
1.628828125000000000e+02
1.666796875000000000e+02
1.482734375000000000e+02
1.677890625000000000e+02
1.336640625000000000e+02
1.700078125000000000e+02
1.190546875000000000e+02
6.683593750000000000e+01
9.913281250000000000e+01
8.070312500000000000e+01
9.514843750000000000e+01
9.789843750000000000e+01
9.581250000000000000e+01
1.156484375000000000e+02
1.004609375000000000e+02
1.278515625000000000e+02
1.051093750000000000e+02
1.489296875000000000e+02
1.097578125000000000e+02
1.555859375000000000e+02
1.071015625000000000e+02
1.616875000000000000e+02
1.051093750000000000e+02
1.677890625000000000e+02
1.037812500000000000e+02
1.711171875000000000e+02
1.071015625000000000e+02
1.367265625000000000e+02
1.217109375000000000e+02
1.378359375000000000e+02
1.349921875000000000e+02
1.389453125000000000e+02
1.469453125000000000e+02
1.411640625000000000e+02
1.575703125000000000e+02
1.200859375000000000e+02
1.655390625000000000e+02
1.267421875000000000e+02
1.655390625000000000e+02
1.322890625000000000e+02
1.668671875000000000e+02
1.367265625000000000e+02
1.668671875000000000e+02
1.411640625000000000e+02
1.655390625000000000e+02
8.458593750000000000e+01
1.163984375000000000e+02
9.346093750000000000e+01
1.124140625000000000e+02
1.089921875000000000e+02
1.150703125000000000e+02
1.134296875000000000e+02
1.230390625000000000e+02
1.067734375000000000e+02
1.243671875000000000e+02
9.235156250000000000e+01
1.203828125000000000e+02
1.456015625000000000e+02
1.243671875000000000e+02
1.522578125000000000e+02
1.190546875000000000e+02
1.633515625000000000e+02
1.190546875000000000e+02
1.655703125000000000e+02
1.230390625000000000e+02
1.633515625000000000e+02
1.270234375000000000e+02
1.522578125000000000e+02
1.270234375000000000e+02
1.023359375000000000e+02
1.854609375000000000e+02
1.145390625000000000e+02
1.828046875000000000e+02
1.278515625000000000e+02
1.788203125000000000e+02
1.322890625000000000e+02
1.801484375000000000e+02
1.356171875000000000e+02
1.801484375000000000e+02
1.400546875000000000e+02
1.828046875000000000e+02
1.433828125000000000e+02
1.881171875000000000e+02
1.389453125000000000e+02
1.934296875000000000e+02
1.345078125000000000e+02
1.974140625000000000e+02
1.289609375000000000e+02
1.974140625000000000e+02
1.189765625000000000e+02
1.960859375000000000e+02
1.101015625000000000e+02
1.921015625000000000e+02
1.034453125000000000e+02
1.854609375000000000e+02
1.178671875000000000e+02
1.867890625000000000e+02
1.311796875000000000e+02
1.867890625000000000e+02
1.367265625000000000e+02
1.867890625000000000e+02
1.422734375000000000e+02
1.881171875000000000e+02
1.356171875000000000e+02
1.867890625000000000e+02
1.300703125000000000e+02
1.867890625000000000e+02
1.167578125000000000e+02
1.867890625000000000e+02
